63
76
72
55
41
39
24
46
56
60
83
10
8
11
20
18
18
18
18
18
18
18
18
18
18
18
18
18
18
18
18
18
18
18
18
18
18
18
18
18
18
18
18
18
18
18
18
18
18
18
18
18
18
18
18
18
18
18
18
18
18
18
18
18
18
18
18
18
18
18
18
18
18
18
18
18
18
76
64
72
63
58
72
20
55
48
41
64
29
31
57
24
64
37
67
62
54
66
71
66
25
21
12
31
54
62
32
59
72
10
41
59
64
38
51
69
56
29
61
73
59
40
59
55
41
44
82
60
70
74
48
58
52
70
58
14
61
50
61
38
67
68
59
55
70
11
66
63
70
35
60
61
56
31
61
24
67
68
69
67
78
76
69
45
18
63
65
61
66
84
71
9
39
56
62
70
72
62
61
29
55
39
68
56
60
62
59
23
70
40
29
58
58
55
62
36
55
52
74
65
65
64
66
56
62
15
67
70
62
54
69
73
72
18
42
53
66
58
60
61
71
63
34
55
51
66
63
44
45
55
33
64
63
52
63
60
58
55
55
35
62
70
26
18
71
62
81
82
79
65
74
77
66
54
75
65
70
62
56
72
59
69
68
61
69
71
28
72
67
75
60
61
75
70
67
83
60
66
70
65
57
74
64
69
68
61
14
71
71
70
76
67
71
77
79
69
73
73
68
62
76
78
47
65
64
62
67
85
56
72
63
68
76
68
63
78
74
20
75
63
58
73
54
56
80
21
61
68
81
45
44
52
75
65
44
61
52
57
61
59
24
59
75
64
69
61
79
3
67
90
71
66
37
82
65
68
75
53
89
54
71
69
71
74
75
67
63
69
71
75
12
53
68
69
71
64
61
63
61
70
66
61
52
57
43
21
64
68
61
33
61
74
70
28
76
81
70
80
65
71
67
48
66
63
50
18
66
66
52
55
65
54
69
59
34
77
45
57
67
72
67
67
63
56
17
50
68
64
33
65
27
53
72
73
76
69
70
56
25
77
61
63
42
77
75
77
77
75
64
70
76
73
82
66
74
74
65
83
71
15
73
78
63
71
69
62
66
73
59
68
74
67
63
64
84
65
68
52
74
79
74
74
72
69
80
67
61
74
76
82
25
59
73
76
71
64
60
64
69
70
76
33
67
66
65
75
71
